100029119116
100029119117
100029119118
100029119119
100029119120
100029119121
100029119122
100029119123
100029119124
100029119125
100029119126
100029119127
100029119128
100029119129
100029120017
100029120018
100029120019
100029120020
100029120021
100029120022
100029120023
100029120024
100029120025
100029120026
100029120027
100029120028
100029120029
100029120030
100029120031
100029120032
100029120033
100029120034
100029120035
100029120036
100029120037
100029120038
100029120039
100029120040
100029120041
100029120042
100029120043
100029120044
100029120045
100029120046
100029120047
100029120048
100029120049
100029120050
100029120051
100029120052
100029120053
100029120054
100029120055
100029120056
100029120057
100029120058
100029120059
100029120060
100029120061
100029120062
100029120063
100029120064
100029119070
100029119115
